[[1, 1, 1, 1, 1, 1, 1, 1, 1, 1, 1, 1, 1, 1, 1, 1, 1, 1, 1, 1, 1, 1, 1, 1, 1, 1, 1, 1, 1, 1, 1, 1, 1, 1, 1, 1, 1, 1, 1, 1, 1, 1, 1, 1, 1, 1, 1, 1],
 [1, 1, 1, 1, 1, 1, 1, 1, 1, 1, 1, 1, 1, 1, 1, 1, 1, 1, 1, 1, 1, 1, 1, 1, 1, 1, 1, 1, 1, 1, 1, 1, 1, 1, 1, 1, 1, 1, 1, 1, 1, 1, 1, 1, 1, 1, 1, 1],
 [1, 1, 1, 1, 1, 1, 1, 1, 1, 1, 1, 1, 1, 1, 1, 1, 1, 1, 1, 1, 1, 1, 1, 1, 1, 1, 1, 1, 1, 1, 1, 1, 1, 1, 1, 1, 1, 1, 1, 1, 1, 1, 1, 1, 1, 1, 1, 1],
 [1, 1, 1, 1, 1, 1, 9, 9, 9, 9, 9, 9, 9, 9, 9, 9, 9, 9, 9, 9, 9, 9, 9, 9, 9, 9, 9, 1, 1, 1, 9, 9, 9, 1, 1, 1, 9, 9, 9, 9, 9, 9, 9, 9, 9, 1, 1, 1],
 [1, 1, 1, 1, 1, 1, 9, 0, 0, 0, 0, 0, 0, 0, 0, 0, 0, 0, 0, 0, 0, 0, 0, 0, 0, 0, 9, 1, 1, 1, 9, 0, 9, 1, 1, 1, 9, 0, 0, 0, 0, 0, 0, 0, 9, 1, 1, 1],
 [1, 1, 1, 1, 1, 1, 9, 0, 0, 0, 0, 0, 0, 0, 0, 0, 0, 9, 9, 9, 9, 9, 0, 0, 0, 0, 9, 1, 1, 1, 9, 0, 9, 1, 1, 1, 9, 0, 0, 0, 0, 0, 0, 0, 9, 1, 1, 1],
 [1, 1, 1, 9, 9, 9, 9, 0, 0, 0, 0, 0, 0, 0, 0, 0, 0, 9, 1, 1, 1, 9, 0, 0, 0, 0, 9, 9, 9, 9, 9, 0, 9, 9, 9, 9, 9, 0, 0, 0, 0, 0, 0, 0, 9, 9, 7, 9],
 [1, 1, 1, 9, 0, 0, 0, 0, 0, 0, 0, 0, 0, 0, 0, 0, 0, 9, 1, 1, 1, 9, 0, 0, 0, 0, 0, 0, 0, 0, 0, 0, 0, 0, 0, 0, 0, 0, 0, 0, 0, 0, 0, 0, 0, 0, 7, 9],
 [1, 1, 1, 9, 0, 0, 0, 0, 9, 9, 9, 9, 9, 9, 9, 9, 9, 9, 1, 1, 1, 9, 9, 9, 9, 9, 9, 9, 0, 0, 0, 0, 9, 9, 9, 9, 9, 9, 9, 9, 0, 0, 0, 0, 9, 9, 7, 9],
 [1, 1, 1, 9, 0, 0, 0, 0, 9, 1, 1, 1, 1, 1, 1, 1, 1, 1, 9, 9, 9, 1, 1, 1, 1, 1, 1, 9, 0, 0, 0, 0, 9, 1, 1, 1, 1, 1, 1, 9, 0, 0, 0, 0, 9, 1, 1, 1],
 [1, 1, 1, 9, 0, 0, 0, 0, 9, 1, 1, 1, 1, 1, 1, 1, 1, 1, 9, 0, 9, 1, 1, 1, 1, 1, 1, 9, 0, 0, 0, 0, 9, 1, 1, 1, 1, 1, 1, 9, 0, 0, 0, 0, 9, 1, 1, 1],
 [1, 1, 1, 9, 0, 0, 0, 0, 9, 1, 1, 1, 1, 1, 1, 1, 1, 1, 9, 0, 9, 1, 1, 1, 1, 1, 1, 9, 9, 9, 9, 0, 9, 1, 1, 1, 1, 1, 1, 9, 0, 0, 0, 0, 9, 1, 1, 1],
 [1, 1, 1, 9, 0, 0, 0, 0, 9, 9, 9, 9, 9, 9, 9, 9, 9, 9, 9, 0, 9, 9, 9, 9, 9, 9, 9, 1, 1, 1, 9, 0, 9, 9, 9, 9, 9, 9, 9, 9, 0, 0, 0, 0, 9, 1, 1, 1],
 [1, 1, 1, 9, 0, 0, 0, 0, 0, 0, 0, 0, 0, 0, 0, 0, 0, 0, 0, 0, 0, 0, 0, 0, 0, 0, 9, 1, 1, 1, 9, 0, 0, 0, 0, 0, 0, 0, 0, 0, 0, 0, 0, 0, 9, 1, 1, 1],
 [1, 1, 1, 9, 9, 9, 9, 9, 9, 9, 0, 0, 0, 0, 9, 9, 9, 9, 9, 9, 9, 9, 9, 9, 9, 0, 9, 1, 1, 1, 9, 9, 9, 9, 9, 9, 9, 0, 9, 9, 9, 9, 9, 9, 9, 1, 1, 1],
 [1, 1, 1, 1, 1, 1, 1, 1, 1, 9, 0, 0, 0, 0, 9, 1, 1, 1, 1, 1, 1, 1, 1, 1, 9, 0, 9, 1, 1, 1, 1, 1, 1, 1, 1, 1, 9, 0, 9, 1, 1, 1, 1, 1, 1, 1, 1, 1],
 [1, 1, 1, 1, 1, 1, 1, 1, 1, 9, 0, 0, 0, 0, 9, 1, 1, 1, 1, 1, 1, 1, 1, 1, 9, 0, 9, 1, 1, 1, 1, 1, 1, 1, 1, 1, 9, 0, 9, 1, 1, 1, 1, 1, 1, 1, 1, 1],
 [1, 1, 1, 1, 1, 1, 1, 1, 1, 9, 0, 9, 9, 9, 9, 1, 1, 1, 1, 1, 1, 1, 1, 1, 9, 9, 9, 1, 1, 1, 1, 1, 1, 1, 1, 1, 9, 0, 9, 1, 1, 1, 1, 1, 1, 1, 1, 1],
 [1, 1, 1, 9, 9, 9, 9, 9, 9, 9, 0, 9, 1, 1, 1, 1, 1, 1, 1, 1, 1, 1, 1, 1, 1, 1, 1, 1, 1, 1, 1, 1, 1, 9, 9, 9, 9, 0, 9, 9, 9, 9, 9, 9, 9, 1, 1, 1],
 [1, 1, 1, 9, 0, 0, 0, 0, 0, 0, 0, 9, 1, 1, 1, 1, 1, 1, 1, 1, 1, 1, 1, 1, 1, 1, 1, 1, 1, 1, 1, 1, 1, 9, 0, 0, 0, 0, 0, 0, 0, 0, 0, 2, 9, 1, 1, 1],
 [1, 1, 1, 9, 0, 0, 0, 0, 9, 9, 9, 9, 1, 1, 1, 1, 1, 1, 1, 1, 1, 1, 1, 1, 1, 1, 1, 1, 1, 1, 1, 1, 1, 9, 9, 9, 9, 0, 9, 9, 9, 9, 9, 2, 9, 1, 1, 1],
 [1, 1, 1, 9, 0, 0, 0, 0, 9, 1, 1, 1, 1, 1, 1, 9, 9, 9, 9, 9, 9, 9, 9, 9, 9, 9, 9, 9, 9, 9, 9, 9, 9, 1, 1, 1, 9, 0, 9, 1, 1, 1, 9, 2, 9, 1, 1, 1],
 [1, 1, 1, 9, 0, 0, 0, 0, 9, 1, 1, 1, 1, 1, 1, 9, 2, 2, 2, 2, 2, 2, 2, 2, 2, 2, 2, 2, 2, 2, 2, 2, 9, 1, 1, 1, 9, 0, 9, 1, 1, 1, 9, 2, 9, 1, 1, 1],
 [1, 1, 1, 9, 0, 0, 0, 0, 9, 1, 1, 1, 1, 1, 1, 9, 2, 9, 9, 9, 9, 9, 9, 9, 9, 9, 9, 9, 9, 9, 9, 2, 9, 1, 1, 1, 9, 9, 9, 1, 1, 1, 9, 2, 9, 1, 1, 1],
 [1, 1, 1, 9, 0, 0, 0, 0, 9, 9, 9, 9, 9, 9, 9, 9, 2, 9, 1, 1, 1, 1, 1, 1, 1, 1, 1, 1, 1, 1, 9, 2, 9, 9, 9, 9, 1, 1, 1, 9, 9, 9, 9, 2, 9, 1, 1, 1],
 [1, 1, 1, 9, 0, 0, 0, 0, 0, 0, 0, 0, 0, 0, 0, 0, 2, 9, 1, 1, 1, 1, 1, 1, 1, 1, 1, 1, 1, 1, 9, 2, 0, 0, 0, 9, 1, 1, 1, 9, 0, 0, 0, 2, 9, 1, 1, 1],
 [1, 1, 1, 9, 0, 0, 0, 0, 9, 9, 9, 9, 9, 0, 0, 0, 2, 9, 1, 1, 1, 1, 1, 1, 1, 1, 1, 1, 1, 1, 9, 2, 0, 0, 0, 9, 1, 1, 1, 9, 9, 9, 9, 2, 9, 1, 1, 1],
 [1, 1, 1, 9, 0, 0, 0, 0, 9, 1, 1, 1, 9, 0, 0, 0, 2, 9, 9, 9, 9, 9, 9, 9, 9, 9, 9, 9, 9, 9, 9, 2, 0, 0, 0, 9, 9, 9, 9, 1, 1, 1, 9, 2, 9, 1, 1, 1],
 [1, 1, 1, 9, 0, 0, 0, 0, 9, 1, 1, 1, 9, 0, 0, 0, 2, 2, 2, 2, 2, 2, 6, 2, 2, 2, 2, 2, 2, 2, 2, 2, 0, 0, 0, 0, 0, 0, 9, 1, 1, 1, 9, 2, 9, 1, 1, 1],
 [1, 1, 1, 9, 0, 0, 0, 0, 9, 1, 1, 1, 9, 9, 9, 9, 9, 9, 9, 9, 9, 9, 0, 9, 9, 9, 9, 9, 0, 0, 0, 0, 0, 0, 0, 9, 9, 9, 9, 1, 1, 1, 9, 2, 9, 1, 1, 1],
 [1, 1, 1, 9, 0, 0, 0, 0, 9, 9, 9, 9, 1, 1, 1, 1, 1, 1, 1, 1, 1, 9, 5, 9, 1, 1, 1, 9, 0, 0, 0, 0, 0, 0, 0, 9, 1, 1, 1, 9, 9, 9, 9, 2, 9, 1, 1, 1],
 [1, 1, 1, 9, 0, 0, 0, 0, 0, 0, 0, 9, 1, 1, 1, 1, 1, 1, 1, 1, 1, 9, 5, 9, 1, 1, 1, 9, 0, 0, 0, 0, 0, 0, 0, 9, 1, 1, 1, 9, 0, 0, 0, 2, 9, 1, 1, 1],
 [1, 1, 1, 9, 0, 0, 0, 0, 0, 0, 0, 9, 1, 1, 1, 1, 1, 1, 1, 1, 1, 9, 5, 9, 1, 1, 1, 9, 0, 0, 0, 0, 0, 0, 0, 9, 1, 1, 1, 9, 9, 9, 9, 9, 9, 1, 1, 1],
 [1, 1, 1, 9, 0, 0, 0, 0, 0, 0, 0, 9, 9, 0, 9, 9, 9, 9, 1, 1, 1, 1, 1, 1, 1, 1, 1, 9, 0, 0, 0, 0, 0, 0, 0, 9, 9, 9, 9, 1, 1, 1, 1, 1, 1, 1, 1, 1],
 [1, 1, 1, 9, 2, 2, 2, 2, 2, 2, 2, 2, 2, 2, 0, 0, 0, 9, 1, 1, 1, 1, 1, 1, 1, 1, 1, 9, 0, 0, 0, 0, 0, 0, 0, 0, 0, 0, 9, 1, 1, 1, 1, 1, 1, 1, 1, 1],
 [1, 1, 1, 9, 2, 0, 0, 0, 0, 0, 0, 0, 0, 2, 0, 0, 0, 9, 1, 1, 1, 1, 1, 1, 1, 1, 1, 9, 9, 9, 9, 0, 0, 0, 0, 0, 0, 0, 9, 1, 1, 1, 1, 1, 1, 1, 1, 1],
 [1, 1, 1, 9, 2, 0, 0, 0, 0, 0, 0, 0, 0, 2, 0, 0, 0, 9, 9, 9, 9, 9, 9, 9, 1, 1, 1, 1, 1, 1, 9, 0, 0, 0, 0, 0, 0, 0, 9, 9, 9, 9, 9, 9, 9, 9, 3, 9],
 [1, 1, 1, 9, 2, 0, 0, 0, 0, 0, 0, 0, 0, 2, 0, 0, 0, 0, 0, 0, 0, 0, 0, 9, 1, 1, 1, 1, 1, 1, 9, 0, 0, 0, 0, 0, 0, 0, 0, 0, 0, 0, 0, 0, 0, 0, 3, 9],
 [1, 1, 1, 9, 2, 0, 0, 0, 0, 0, 0, 0, 0, 2, 9, 9, 9, 9, 9, 9, 9, 9, 9, 9, 1, 1, 1, 1, 1, 1, 9, 9, 9, 9, 9, 9, 9, 9, 9, 9, 9, 9, 9, 0, 9, 9, 3, 9],
 [1, 1, 1, 9, 2, 0, 0, 0, 0, 0, 0, 0, 0, 2, 9, 1, 1, 1, 1, 1, 1, 1, 1, 1, 9, 9, 9, 9, 9, 9, 1, 1, 1, 1, 1, 1, 1, 1, 1, 1, 1, 1, 9, 0, 9, 1, 1, 1],
 [1, 1, 1, 9, 2, 0, 0, 0, 0, 0, 0, 0, 0, 2, 9, 1, 1, 1, 1, 1, 1, 1, 1, 1, 9, 0, 0, 0, 0, 9, 1, 1, 1, 1, 1, 1, 1, 1, 1, 1, 1, 1, 9, 0, 9, 1, 1, 1],
 [1, 1, 1, 9, 2, 0, 0, 0, 0, 0, 0, 0, 0, 2, 9, 1, 1, 1, 1, 1, 1, 1, 1, 1, 9, 0, 0, 0, 0, 9, 1, 1, 1, 1, 1, 1, 1, 1, 1, 1, 1, 1, 9, 9, 9, 1, 1, 1],
 [1, 1, 1, 9, 2, 0, 0, 0, 0, 0, 0, 0, 0, 2, 9, 9, 9, 9, 9, 9, 9, 9, 9, 9, 9, 0, 0, 0, 0, 9, 9, 9, 9, 9, 9, 9, 9, 4, 9, 1, 1, 1, 1, 1, 1, 1, 1, 1],
 [1, 1, 1, 9, 2, 2, 2, 2, 2, 2, 2, 2, 2, 2, 0, 0, 0, 0, 0, 0, 0, 0, 0, 0, 0, 0, 0, 0, 0, 0, 0, 0, 0, 0, 0, 0, 0, 4, 9, 1, 1, 1, 1, 1, 1, 1, 1, 1],
 [1, 1, 1, 9, 9, 9, 9, 2, 9, 9, 2, 9, 9, 9, 9, 9, 9, 9, 9, 9, 9, 9, 9, 9, 9, 9, 9, 9, 9, 9, 9, 9, 9, 9, 9, 9, 9, 4, 9, 1, 1, 1, 1, 1, 1, 1, 1, 1],
 [1, 1, 1, 1, 1, 1, 1, 1, 1, 1, 1, 1, 1, 1, 1, 1, 1, 1, 1, 1, 1, 1, 1, 1, 1, 1, 1, 1, 1, 1, 1, 1, 1, 1, 1, 1, 1, 1, 1, 1, 1, 1, 1, 1, 1, 1, 1, 1],
 [1, 1, 1, 1, 1, 1, 1, 1, 1, 1, 1, 1, 1, 1, 1, 1, 1, 1, 1, 1, 1, 1, 1, 1, 1, 1, 1, 1, 1, 1, 1, 1, 1, 1, 1, 1, 1, 1, 1, 1, 1, 1, 1, 1, 1, 1, 1, 1],
 [1, 1, 1, 1, 1, 1, 1, 1, 1, 1, 1, 1, 1, 1, 1, 1, 1, 1, 1, 1, 1, 1, 1, 1, 1, 1, 1, 1, 1, 1, 1, 1, 1, 1, 1, 1, 1, 1, 1, 1, 1, 1, 1, 1, 1, 1, 1, 1]]
